L_V1	15.333963	-55.293459	-15.882951
L_MST	43.647997	-44.716284	-12.557787
L_V6	11.363069	-61.974594	11.748725
L_V2	13.989989	-55.237352	-16.705711
L_V3	17.872457	-65.096358	-8.370953
L_V4	29.735921	-54.930015	-18.948357
L_V8	29.722371	-39.146979	-29.065192
L_4	24.519157	-9.696240	43.136864
L_3b	25.374639	-16.199834	38.853744
L_FEF	31.792159	5.448627	44.471370
L_PEF	36.968983	18.164868	29.600978
L_55b	33.806615	10.490240	34.168519
L_V3A	16.696562	-67.819672	1.926636
L_RSC	2.313893	-26.177011	7.569770
L_POS2	8.657633	-58.943522	19.676071
L_V7	25.150544	-61.739546	6.668844
L_IPS1	25.433256	-56.932833	12.613239
L_FFC	37.733557	-19.228188	-26.930427
L_V3B	27.991728	-61.225495	0.329073
L_LO1	37.942419	-56.836216	-17.008335
L_LO2	41.535852	-56.798179	-24.851127
L_PIT	38.115176	-51.416695	-29.801127
L_MT	47.025808	-48.141433	-9.139505
L_A1	37.391707	-1.917843	-1.055247
L_PSL	56.490504	-26.192482	4.058476
L_SFL	3.671789	21.120039	54.685902
L_PCV	3.605925	-45.050488	28.481156
L_STV	46.630153	-24.461404	2.260928
L_7Pm	4.924756	-54.589562	33.678563
L_7m	3.535123	-50.403882	14.965600
L_POS1	10.000382	-40.088935	0.770359
L_23d	1.602351	-18.564154	26.780687
L_v23ab	3.473609	-39.826216	6.156301
L_d23ab	1.633927	-28.856270	18.076266
L_31pv	6.610109	-35.175752	16.950559
L_5m	9.869894	-33.516352	45.330335
L_5mv	7.522295	-36.591831	37.610967
L_23c	8.103889	-25.206870	28.355311
L_5L	13.546975	-41.852123	49.553000
L_24dd	6.529704	-13.715857	35.193315
L_24dv	5.533466	2.324903	36.418325
L_7AL	22.739205	-43.646408	43.020290
L_SCEF	2.822658	9.223755	47.868569
L_6ma	12.168790	6.308432	56.235662
L_7Am	13.974525	-46.578194	36.620318
L_7PL	14.121518	-58.088232	32.869159
L_7PC	31.029075	-36.905724	41.650947
L_LIPv	29.698906	-43.926773	31.234001
L_VIP	26.181684	-52.598716	36.853939
L_MIP	22.670547	-53.631936	23.158160
L_1	40.156036	-11.573948	36.983989
L_2	37.224703	-22.706472	39.166666
L_3a	29.222336	-9.190586	33.931843
L_6d	28.767135	-10.382891	52.236172
L_6mp	9.115779	-6.950706	54.031242
L_6v	47.096900	17.170762	25.318351
L_p24pr	1.750275	-0.535987	30.658434
L_33pr	0.728959	10.278444	26.495099
L_a24pr	1.217669	16.060037	29.542805
L_p32pr	1.801455	17.735333	35.022643
L_a24	1.372770	54.811759	9.767908
L_d32	6.150952	42.501280	27.432378
L_8BM	2.369466	28.370707	41.859967
L_p32	2.072076	64.487909	14.974942
L_10r	-0.948677	67.792880	8.613349
L_47m	26.625089	50.565913	-5.533646
L_8Av	31.492342	23.612360	45.026127
L_8Ad	18.480536	31.244164	47.246235
L_9m	0.848754	52.857436	29.642893
L_8BL	4.386293	39.127239	49.216283
L_9p	8.209271	53.891775	43.267962
L_10d	1.123128	74.662562	24.779174
L_8C	36.218520	28.747300	37.014134
L_44	46.243621	31.225784	12.806726
L_45	43.289419	44.930808	13.279798
L_47l	36.808708	51.333549	2.179627
L_a47r	29.820843	66.143598	7.710653
L_6r	42.530824	23.663216	17.177128
L_IFJa	34.657448	29.525290	24.337818
L_IFJp	29.727451	23.861198	28.287820
L_IFSp	40.358764	37.028373	24.027598
L_IFSa	34.238874	49.152059	20.406017
L_p9-46v	35.508925	42.627074	31.286375
L_46	26.521785	44.565135	36.077096
L_a9-46v	26.977812	61.973557	25.933825
L_9-46d	18.620696	54.959963	33.818943
L_9a	2.879691	63.704029	37.243586
L_10v	-1.461039	74.196919	4.952968
L_a10p	16.346022	71.070684	13.420915
L_10pp	10.088415	76.737314	9.082373
L_11l	19.794727	63.459337	2.191925
L_13l	15.451243	47.032917	-9.780404
L_OFC	4.175094	58.345187	-6.607329
L_47s	21.556851	40.913896	-13.382374
L_LIPd	26.388894	-38.944532	23.785882
L_6a	21.822277	2.771848	46.102771
L_i6-8	26.279675	14.307084	42.863743
L_s6-8	12.880515	21.523654	50.735078
L_43	51.710655	13.893020	10.234066
L_OP4	51.016500	0.821663	10.944065
L_OP1	37.180692	-7.002647	10.678294
L_OP2-3	31.885539	-1.507701	11.242315
L_52	34.128319	9.532396	-0.280415
L_RI	37.936449	-11.060796	6.212262
L_PFcm	41.734937	-15.150429	13.087002
L_PoI2	30.984490	26.078274	1.058610
L_TA2	38.787095	17.460688	-8.773238
L_FOP4	34.999690	30.348243	6.658354
L_MI	28.402365	32.167187	4.763026
L_Pir	24.463852	30.555739	-14.489851
L_AVI	26.595837	38.844646	-1.293351
L_AAIC	28.529944	31.513927	-9.839818
L_FOP1	43.000654	17.353326	3.637501
L_FOP3	32.374104	23.969334	10.168844
L_FOP2	36.533152	11.633864	9.313931
L_PFt	52.442846	-14.686335	28.901026
L_AIP	37.147133	-28.270686	29.269777
L_EC	15.861597	10.387761	-25.207716
L_PreS	12.806093	-10.887061	-14.398940
L_H	21.490470	-1.831070	-17.283963
L_ProS	14.097227	-25.991305	-9.989899
L_PeEc	21.725039	21.381463	-28.830085
L_STGa	41.931080	31.804743	-7.487496
L_PBelt	53.189619	-0.077328	2.977924
L_A5	50.715338	6.070765	-2.923782
L_PHA1	17.391508	-10.244721	-20.538541
L_PHA3	28.036013	-14.699745	-18.956761
L_STSda	48.615651	27.554123	-6.491456
L_STSdp	43.914002	-0.489870	-9.461975
L_STSvp	53.701708	-4.880438	-8.035705
L_TGd	32.465407	41.671820	-22.375412
L_TE1a	53.285341	23.983636	-15.146596
L_TE1p	56.346309	-17.787822	-19.320804
L_TE2a	49.116222	14.427536	-24.532230
L_TF	35.337299	8.623239	-26.033580
L_TE2p	47.179935	-9.590910	-26.717244
L_PHT	48.861922	-28.493181	-14.512926
L_PH	44.779219	-34.237513	-25.148703
L_TPOJ1	46.636250	-19.706790	-3.298183
L_TPOJ2	48.730988	-37.445207	-6.652573
L_TPOJ3	41.061996	-45.733262	1.904476
L_DVT	19.104065	-54.766179	12.797114
L_PGp	40.333074	-59.143265	5.465439
L_IP2	39.858058	-31.036032	23.630440
L_IP1	29.443596	-47.867234	20.017612
L_IP0	31.588675	-58.952992	8.520340
L_PFop	54.975870	-5.026174	21.036166
L_PF	55.068631	-21.148133	16.966325
L_PFm	46.135517	-38.856942	21.142704
L_PGi	46.400727	-41.999258	7.980986
L_PGs	39.216753	-55.243421	22.169579
L_V6A	22.639723	-69.481642	14.021621
L_VMV1	17.464848	-33.259539	-19.701744
L_VMV3	23.078225	-28.396101	-23.427358
L_PHA2	23.715340	-9.869803	-19.848947
L_V4t	43.484485	-52.399047	-18.746929
L_FST	45.352444	-40.215593	-15.953538
L_V3CD	34.950688	-61.913882	-6.861851
L_LO3	44.504986	-53.410080	-7.319357
L_VMV2	27.383996	-26.529820	-16.709930
L_31pd	6.816633	-41.343744	18.697344
L_31a	5.691587	-33.839637	24.478584
L_VVC	27.220777	-16.603228	-25.502656
L_25	0.845416	39.932845	-4.471559
L_s32	1.671252	54.599586	0.295435
L_pOFC	5.890852	35.056313	-11.513227
L_PoI1	32.593507	20.534103	-1.435205
L_Ig	31.789388	7.174668	9.909503
L_FOP5	33.797167	41.717678	7.752308
L_p10p	15.938179	72.815343	23.494414
L_p47r	33.774477	59.443356	13.603264
L_TGv	33.777379	32.277573	-32.203599
L_MBelt	34.051968	4.506013	-4.945660
L_LBelt	47.197722	-1.835996	3.038849
L_A4	55.196915	-1.012083	1.165692
L_STSva	47.305890	19.055729	-13.497356
L_TE1m	58.925257	2.208597	-14.599537
L_PI	35.546151	24.873036	-10.239381
L_a32pr	1.656269	33.621228	31.310797
L_p24	1.466997	41.299799	22.683476
R_V1	-9.356218	-58.775253	-18.753350
R_MST	-40.127075	-47.049151	-19.151531
R_V6	-12.253529	-58.531787	5.453886
R_V2	-6.112872	-59.716136	-16.712762
R_V3	-10.857035	-64.927239	-14.864669
R_V4	-19.416862	-59.066202	-25.270655
R_V8	-22.692674	-51.121060	-28.324011
R_4	-32.302283	-15.621481	38.036591
R_3b	-40.920338	-16.218814	31.054247
R_FEF	-38.355542	3.734116	34.354872
R_PEF	-52.611775	9.619732	21.000319
R_55b	-49.888227	4.199266	29.126503
R_V3A	-11.506499	-69.235979	2.013597
R_RSC	-4.248351	-22.370930	9.784161
R_POS2	-4.535358	-54.948101	13.787504
R_V7	-17.388220	-71.510533	6.328363
R_IPS1	-22.381852	-65.059067	14.444763
R_FFC	-36.323768	-36.088971	-31.812581
R_V3B	-23.623102	-62.351544	-4.901798
R_LO1	-31.685614	-57.329636	-18.876280
R_LO2	-33.798328	-62.344274	-25.555655
R_PIT	-31.125604	-56.383162	-34.070121
R_MT	-39.471908	-49.603188	-13.511420
R_A1	-41.127755	-5.888995	-0.277942
R_PSL	-54.159171	-34.603761	7.127740
R_SFL	-12.132012	14.124390	54.302509
R_PCV	-5.745196	-44.336577	32.052182
R_STV	-56.634852	-33.454691	-1.202512
R_7Pm	-7.816468	-57.541440	26.112279
R_7m	-5.072149	-44.143113	16.096426
R_POS1	-7.205255	-40.761793	-3.709392
R_23d	-6.996016	-14.783083	26.472899
R_v23ab	-5.476848	-37.983409	4.019783
R_d23ab	-4.101534	-28.170326	17.233637
R_31pv	-10.175085	-34.293785	17.364162
R_5m	-12.926006	-38.043083	47.434753
R_5mv	-14.546047	-33.187940	33.839269
R_23c	-13.844828	-21.360700	26.434327
R_5L	-20.699817	-43.348081	46.959612
R_24dd	-9.188329	-13.712878	37.044825
R_24dv	-11.633143	-0.254324	34.042607
R_7AL	-24.554082	-47.173162	38.189116
R_SCEF	-9.871643	2.126144	47.297437
R_6ma	-20.108345	1.250284	55.296454
R_7Am	-9.553426	-54.524526	35.010326
R_7PL	-15.507772	-61.388906	23.568871
R_7PC	-36.946547	-43.471968	32.043521
R_LIPv	-28.938132	-43.953046	26.719528
R_VIP	-21.614382	-57.547276	31.856015
R_MIP	-28.128351	-54.343991	23.399010
R_1	-48.702406	-16.444661	28.396078
R_2	-40.306510	-26.847754	32.278458
R_3a	-40.876370	-9.502797	23.634332
R_6d	-35.667053	-7.521554	45.748921
R_6mp	-17.044298	-16.754998	52.196499
R_6v	-57.694625	6.854030	18.108033
R_p24pr	-6.911587	1.271358	31.718250
R_33pr	-8.662194	12.490285	30.207070
R_a24pr	-15.261405	25.817452	29.423146
R_p32pr	-10.461227	18.008091	34.922871
R_a24	-8.516214	54.483528	11.927523
R_d32	-11.148231	46.385449	32.347061
R_8BM	-11.623098	29.492385	41.967684
R_p32	-12.998959	60.081879	16.905956
R_10r	-12.830123	64.665533	10.027916
R_47m	-30.478390	47.350310	-4.902264
R_8Av	-37.837286	17.462383	44.104643
R_8Ad	-25.802086	30.724986	42.699211
R_9m	-12.140865	55.379980	34.290892
R_8BL	-13.848300	34.722054	50.293348
R_9p	-21.240976	49.940637	44.100418
R_10d	-17.836457	71.593640	27.568473
R_8C	-41.711040	19.541692	31.811781
R_44	-49.651566	26.115131	9.382251
R_45	-49.830889	37.258147	9.120935
R_47l	-42.206672	45.819384	-2.181579
R_a47r	-38.846301	63.061674	3.252010
R_6r	-51.468178	18.627830	14.920052
R_IFJa	-39.016710	22.581648	21.552357
R_IFJp	-40.916539	15.855260	23.011103
R_IFSp	-44.314337	29.930603	23.515979
R_IFSa	-44.206816	41.407920	17.248568
R_p9-46v	-45.564586	33.493790	28.627419
R_46	-39.210351	40.244251	33.163782
R_a9-46v	-39.921341	60.262073	17.577862
R_9-46d	-33.422346	49.495581	31.130964
R_9a	-21.934182	60.443598	35.491080
R_10v	-11.149582	71.123960	4.173476
R_a10p	-28.404505	70.381123	14.065179
R_10pp	-18.085543	76.177220	5.604660
R_11l	-25.764521	61.020962	-1.243159
R_13l	-22.638821	40.198736	-15.155104
R_OFC	-13.651705	47.213603	-12.183415
R_47s	-32.812958	39.967191	-12.085967
R_LIPd	-27.452818	-37.334149	20.814233
R_6a	-26.700204	-0.653059	44.582448
R_i6-8	-35.067478	8.621177	46.323830
R_s6-8	-21.332649	19.130362	47.410166
R_43	-57.668104	15.464285	7.213937
R_OP4	-53.928303	-0.078643	4.609517
R_OP1	-43.965017	-11.214336	7.114834
R_OP2-3	-35.004372	-8.823988	8.186715
R_52	-35.597696	-3.951013	-6.697661
R_RI	-37.665287	-20.102264	4.424201
R_PFcm	-46.396991	-19.824252	8.655041
R_PoI2	-37.260631	11.571798	-1.665835
R_TA2	-50.877614	24.184568	-8.017886
R_FOP4	-40.973822	22.731244	3.047583
R_MI	-35.924135	21.436407	-0.420714
R_Pir	-30.789294	28.078795	-14.512774
R_AVI	-33.898967	34.332190	-0.176375
R_AAIC	-35.145459	28.110511	-8.281501
R_FOP1	-46.824424	11.007016	1.348340
R_FOP3	-37.787741	13.458010	7.957469
R_FOP2	-39.309173	4.051227	7.886518
R_PFt	-56.237073	-23.287639	24.550267
R_AIP	-43.545144	-31.367738	26.794037
R_EC	-20.233309	8.491101	-27.745989
R_PreS	-13.906839	-13.016238	-17.196503
R_H	-19.285832	1.704298	-19.949616
R_ProS	-16.605410	-29.515647	-11.140751
R_PeEc	-28.158966	12.715993	-27.957123
R_STGa	-50.075058	36.555988	-11.286060
R_PBelt	-49.628307	-9.697720	-1.135903
R_A5	-60.765381	2.421046	-3.571660
R_PHA1	-19.132730	-18.934546	-20.180052
R_PHA3	-27.106575	-22.088750	-20.389887
R_STSda	-57.632854	18.110375	-11.011284
R_STSdp	-55.810230	-10.606733	-8.253412
R_STSvp	-51.619150	-10.086717	-13.203610
R_TGd	-37.314484	35.225406	-29.851656
R_TE1a	-56.726882	17.222135	-22.416117
R_TE1p	-56.962276	-23.705022	-23.396273
R_TE2a	-54.060275	6.345165	-31.955292
R_TF	-36.770247	-1.803124	-28.218326
R_TE2p	-44.172561	-20.366201	-30.563215
R_PHT	-53.441398	-34.346014	-16.630811
R_PH	-39.603847	-39.341363	-24.620022
R_TPOJ1	-52.846485	-25.388922	-5.692986
R_TPOJ2	-52.147377	-40.158097	-11.176164
R_TPOJ3	-36.927859	-49.298889	-6.771920
R_DVT	-11.631626	-56.399846	9.949229
R_PGp	-33.950555	-65.879550	-2.436284
R_IP2	-36.818114	-34.256561	17.857626
R_IP1	-27.579477	-48.209697	12.704996
R_IP0	-25.831597	-58.876488	2.804265
R_PFop	-57.725542	-16.610073	11.616066
R_PF	-55.052994	-30.813011	14.777434
R_PFm	-44.810220	-45.425284	14.091607
R_PGi	-44.162251	-43.459273	-3.298752
R_PGs	-38.563560	-57.271775	8.246352
R_V6A	-11.992671	-70.906011	15.742239
R_VMV1	-11.080191	-38.282124	-20.312622
R_VMV3	-19.859754	-39.888667	-27.229535
R_PHA2	-26.104260	-23.236145	-16.877900
R_V4t	-41.253559	-59.311600	-18.763992
R_FST	-43.745663	-47.534059	-25.906731
R_V3CD	-32.098160	-64.453723	-16.829310
R_LO3	-36.035061	-56.250424	-10.793758
R_VMV2	-13.026511	-35.475843	-23.878930
R_31pd	-8.531874	-39.547366	23.829646
R_31a	-6.037098	-30.091380	25.929007
R_VVC	-26.352080	-32.799259	-27.249737
R_25	-7.397083	43.871902	-7.044290
R_s32	-10.201085	54.779460	-0.491946
R_pOFC	-14.123682	31.753647	-12.981041
R_PoI1	-37.327164	6.801827	-7.574926
R_Ig	-35.442291	-2.441231	5.824786
R_FOP5	-37.135311	36.577647	7.104253
R_p10p	-28.176261	63.931783	22.723465
R_p47r	-45.465978	53.324456	9.515512
R_TGv	-41.289589	19.170599	-37.068566
R_MBelt	-41.151711	-0.695561	-7.354608
R_LBelt	-44.651232	-12.585706	0.158771
R_A4	-55.106764	-7.176265	-1.527443
R_STSva	-50.982759	15.125002	-16.688954
R_TE1m	-60.515650	-3.521606	-21.415478
R_PI	-43.379452	22.069151	-14.994373
R_a32pr	-11.044666	33.917130	34.438380
R_p24	-12.095201	46.680629	23.947282
Left-Cerebellum-Cortex	-22.770454	-29.045628	-47.445595
Left-Thalamus-Proper	-12.155554	-0.512144	1.017188
_Left-Caudate	-15.908484	22.685619	9.925739
Left-Putamen	-26.635421	16.074687	-0.830101
Left-Pallidum	-21.108667	14.346580	-3.197509
Left-Hippocampus	-24.343083	-0.082060	-17.017193
Left-Amygdala	-23.775751	17.739381	-17.480520
Left-Accumbens-area	-10.430548	28.239329	-4.208207
Left-VentralDC	-11.867304	5.391497	-11.779408
Right-Cerebellum-Cortex	22.238768	-28.027815	-44.329275
Right-Thalamus-Proper	8.283993	1.408748	2.240780
Right-Caudate	10.033561	24.149006	10.770933
Right-Putamen	21.382667	19.336327	0.542976
Right-Pallidum	16.557456	16.801704	-2.324072
Right-Hippocampus	22.090631	2.719956	-15.466763
Right-Amygdala	20.113786	20.184319	-15.731592
Right-Accumbens-area	4.893295	28.857110	-4.621071
Right-VentralDC	8.057221	5.888797	-11.234448
Brainstem	-1.223390	-1.190354	-33.271247
